1 1 3 9 2 0 0 1 9 1 0 0 0 0 0 
1 9 3 9 2 0 0 1 2 2 1 0 0 0 0 
2 2 3 1 1 0 0 0 1 9 1 0 0 0 0 
2 9 1 0 1 1 1 0 1 1 1 0 0 0 0 
9 3 2 1 1 9 1 0 0 1 1 1 1 1 1 
1 2 9 2 2 2 2 1 0 1 9 2 2 9 1 
0 1 3 9 2 1 9 1 0 1 2 9 2 1 1 
0 1 3 9 2 1 1 1 0 0 1 1 2 1 1 
1 2 9 2 1 1 1 1 0 0 1 1 2 9 1 
1 9 2 1 0 1 9 1 0 0 1 9 2 1 1 
1 1 1 0 0 1 1 1 0 0 2 2 2 0 0 
0 0 0 0 0 0 0 0 0 0 1 9 1 0 0 
0 0 0 0 0 0 0 0 0 0 1 1 1 0 0 
0 0 0 0 1 1 1 0 0 0 0 0 0 0 0 
0 0 0 0 1 9 1 0 0 0 0 0 0 0 0 
32 2 1
32 3 1
32 4 1
32 8 1
32 9 5
32 9 7
32 7 11
32 7 10
32 7 9
102 7 6
102 7 5
102 7 4
102 7 3
102 7 3
102 7 4
